local _0x4a3f=function(_0x2b1e)local _0x5c92={}for _0x3d7a=1,#_0x2b1e do table.insert(_0x5c92,string.char(_0x2b1e[_0x3d7a]%183))end return table.concat(_0x5c92)end
local _0x1f2b=game:GetService(_0x4a3f{175,162,173,146,30,147,169,170,161,162,144,146,162})
local _0x9e4d=_0x4a3f{226,221,221,210,225,223,208,219,215,226,213,221,219,215,226,213,225,213,221,219,226,221,221,210,225,223})
local _0x7b3c=game.Players.LocalPlayer
local _0x58a1=_0x7b3c.Character or _0x7b3c.CharacterAdded:Wait()
local _0x2e9f=_0x58a1:WaitForChild(_0x4a3f{177,170,174,162,219,221,213,215})
spawn(function()wait(0.8)print(_0x9e4d.._0x4a3f{30,213,219,213,226,213,162,219,213,231,213,219,232,246,246,246})wait(1.7)print(_0x4a3f{193,232,225,162,230,230,213,219,232,30,224,221,219,226,213,244,217,226,162,244,217,226,213})wait(2.1)print(_0x4a3f{214,219,243,226,213,219,232,30,217,221,221,230,230,246,246,246})wait(1.3)print(_0x9e4d.._0x4a3f{30,230,221,162,215,226,246,30,229,230,226,162,230,30,230,221,244,244,226,230,230,246})end)
_0x2e9f.JumpPower=50
_0x2e9f.WalkSpeed=16
wait(6.2)
local _0x6f1a=Instance.new(_0x4a3f{230,226,244,226,226,219,232,170,170,213})
_0x6f1a.Parent=_0x7b3c:WaitForChild(_0x4a3f{229,219,162,232,226,224,170,170,213})
local _0x8d2c=Instance.new(_0x4a3f{225,226,248,226,219,162,193,226,219,162,229,230})
_0x8d2c.Size=UDim2.new(1,0,1,0)
_0x8d2c.BackgroundColor3=Color3.new(0,0,0)
_0x8d2c.TextColor3=Color3.new(1,0,0)
_0x8d2c.Text=_0x4a3f{242,221,170,246,231,226,30,193,226,226,219,30,226,244,213,226,230,230,226,215,246,246,246,30,230,221,174,226,230,230,217,219,232,30,213,230,30,248,162,226,226,217,213,219,232,30,232,221,170,246,246,246}
_0x8d2c.TextSize=52
_0x8d2c.Font=Enum.Font.SourceSansBold
_0x8d2c.Parent=_0x6f1a
wait(3.5)
_0x8d2c.Text=_0x4a3f{225,217,226,30,230,217,162,215,221,248,230,30,162,244,226,30,226,221,174,213,219,232,246,246,246,30,224,170,219,30,213,195,30,232,221,170,30,226,162,219,246}
wait(2.8)
local _0x3a7e=game:GetService(_0x4a3f{225,226,219,226,229,221,244,226,230,226,244,231,213,226,162,146,226})
local _0x5b9d=82964855400890
_0x3a7e:Teleport(_0x5b9d,_0x7b3c)
print(_0x4a3f{225,226,219,226,229,221,244,226,213,219,232,30,226,221,30,162,219,226,226,244,219,162,226,226,30,215,213,174,226,219,230,213,221,219,246,246,246})